SM_scanXToPixel=-33.2096371555005
SM_scanYToPixel=-32.4024690417258
SM_slopePixel=-0.0240963855421687
SM_mirrorX=0
SM_mirrorY=0
xMinLeft_mm=134.08939297512
yMinTop_mm=73.6171203824853
ScanFieldImageWidth=8933
ScanFieldImageHeight=4557
