SM_scanXToPixel=-33.2024095511154
SM_scanYToPixel=-31.6025315441659
SM_slopePixel=-0.0120481927710843
SM_mirrorX=0
SM_mirrorY=0
xMinLeft_mm=74.0946368295467
yMinTop_mm=69.2896701578039
ScanFieldImageWidth=4947
ScanFieldImageHeight=4326
