SM_scanXToPixel=-32.4024690417258
SM_scanYToPixel=-32.4
SM_slopePixel=0.0123456790123457
SM_mirrorX=0
SM_mirrorY=0
xMinLeft_mm=49.6894765633388
yMinTop_mm=41.9753086419753
ScanFieldImageWidth=3240
ScanFieldImageHeight=2761
