SM_scanXToPixel=-32.8
SM_scanYToPixel=-32.8024389337134
SM_slopePixel=0
SM_mirrorX=0
SM_mirrorY=0
xMinLeft_mm=74.390243902439
yMinTop_mm=76.7670459233665
ScanFieldImageWidth=4887
ScanFieldImageHeight=5051
