SM_scanXToPixel=-47.2
SM_scanYToPixel=-46.801709370492
SM_slopePixel=0
SM_mirrorX=0
SM_mirrorY=0
xMinLeft_mm=150.169491525424
yMinTop_mm=150.25530518107
ScanFieldImageWidth=14207
ScanFieldImageHeight=14087
