SM_scanXToPixel=-32.5
SM_scanYToPixel=-32.5
SM_slopePixel=-0.0120481927710843
SM_mirrorX=0
SM_mirrorY=0
xMinLeft_mm=84.6153846153846
yMinTop_mm=78.9712696941613
ScanFieldImageWidth=5525
ScanFieldImageHeight=5072
